44
3.50	0.020077526551438
3.75	0.010725334521321
4.00	0.005239042252187
4.25	0.002135128571212
4.50	0.000460826120297
4.75	-0.000380007864479
5.00	-0.000751047206711
5.25	-0.000868552177599
5.50	-0.000857611753913
5.75	-0.000788243722378
6.00	-0.000698015900131
6.25	-0.000605914899402
6.50	-0.000520642722213
6.75	-0.000445451749111
7.00	-0.000380872484386
7.25	-0.000326193428578
7.50	-0.000280229807359
7.75	-0.000241699370624
8.00	-0.000209392829589
8.25	-0.000182244401611
8.50	-0.000159348483652
8.75	-0.000139952644285
9.00	-0.000123442512009
9.25	-0.000109320025109
9.50	-0.000097182368359
9.75	-0.000086701961975
10.00	-0.000077611755856
10.25	-0.000069698538529
10.50	-0.000062779390938
10.75	-0.000056708774017
11.00	-0.000051364070317
11.50	-0.000042459806483
12.00	-0.000035430657309
13.00	-0.000025301489319
14.00	-0.000018590831139
15.00	-0.000013964662105
16.00	-0.000010673086686
18.00	-0.000006515428506
20.00	-0.000004201462406
22.00	-0.000002847274357
24.00	-0.000002008554589
26.00	-0.000001449965723
28.00	-0.000001070760953
30.00	-0.000000805329313
