44
3.50	0.069891734851685
3.75	0.040044830837637
4.00	0.022170497673407
4.25	0.011753928804996
4.50	0.005841574893163
4.75	0.002583639677629
5.00	0.000854798468943
5.25	-0.000013935191646
5.50	-0.000412052850119
5.75	-0.000561571800129
6.00	-0.000586128419333
6.25	-0.000552721754822
6.50	-0.000496466699253
6.75	-0.000434931539732
7.00	-0.000376317308014
7.25	-0.000323926534047
7.50	-0.000278602326965
7.75	-0.000240040453770
8.00	-0.000207488242018
8.25	-0.000180076646995
8.50	-0.000156976885982
8.75	-0.000137458859834
9.00	-0.000120905622111
9.25	-0.000106808301077
9.50	-0.000094747599462
9.75	-0.000084384581395
10.00	-0.000075441217575
10.25	-0.000067690246509
10.50	-0.000060945372952
10.75	-0.000055052055015
11.00	-0.000049880691973
11.50	-0.000041298760907
12.00	-0.000034537472346
13.00	-0.000024762608883
14.00	-0.000018229253635
15.00	-0.000013685702147
16.00	-0.000010439564112
18.00	-0.000006342879085
20.00	-0.000004075800083
22.00	-0.000002768884614
24.00	-0.000001952712697
26.00	-0.000001402586942
28.00	-0.000001034537061
30.00	-0.000000779262125
