44
3.50	0.050993372802737
3.75	0.028911916770920
4.00	0.015733733366616
4.25	0.008093061195845
4.50	0.003793771811032
4.75	0.001459084829079
5.00	0.000250745981968
5.25	-0.000329287858160
5.50	-0.000570218795126
5.75	-0.000636055519318
6.00	-0.000617282149012
6.25	-0.000562312543665
6.50	-0.000495979515453
6.75	-0.000430296713608
7.00	-0.000370464490365
7.25	-0.000318189240778
7.50	-0.000273512301437
7.75	-0.000235750254087
8.00	-0.000203978338234
8.25	-0.000177255177823
8.50	-0.000154731043348
8.75	-0.000135676853634
9.00	-0.000119488327061
9.25	-0.000105672654392
9.50	-0.000093826205984
9.75	-0.000083625690744
10.00	-0.000074805076440
10.25	-0.000067149182942
10.50	-0.000060477583121
10.75	-0.000054643560899
11.00	-0.000049522402802
11.50	-0.000041018959502
12.00	-0.000034316670429
13.00	-0.000024626957677
14.00	-0.000018150310439
15.00	-0.000013644572236
16.00	-0.000010420772991
18.00	-0.000006341984765
20.00	-0.000004078470787
22.00	-0.000002773684110
24.00	-0.000001954872400
26.00	-0.000001411134162
28.00	-0.000001038900446
30.00	-0.000000784117445
