42
3.50	0.129811126417793
3.75	0.079834113896910
4.00	0.047546028549593
4.25	0.027465217446686
4.50	0.015325697068282
4.75	0.008169098899973
5.00	0.004057549364120
5.25	0.001765112978114
5.50	0.000535546051144
5.75	-0.000087668136030
6.00	-0.000374421311407
6.25	-0.000480890946680
6.75	-0.000466704389226
7.00	-0.000420754501660
7.25	-0.000370706442365
7.50	-0.000322761432272
7.75	-0.000279490132700
8.00	-0.000241679312263
8.25	-0.000209278611110
8.50	-0.000181802554355
8.75	-0.000158582269353
9.00	-0.000138938697823
9.25	-0.000122267122824
9.50	-0.000108057734218
9.75	-0.000095889436119
10.00	-0.000085415101569
10.25	-0.000076357360979
10.50	-0.000068488342898
10.75	-0.000061626364504
11.00	-0.000055612050599
11.50	-0.000045674992929
12.00	-0.000037915372346
13.00	-0.000026898178994
14.00	-0.000019681352288
15.00	-0.000014712165342
16.00	-0.000011183521832
18.00	-0.000006750138044
20.00	-0.000004310787358
22.00	-0.000002920584802
24.00	-0.000002057437478
26.00	-0.000001487476967
28.00	-0.000001090261089
30.00	-0.000000819096285