44
3.50	0.016724528656486
3.75	0.008509884007801
4.00	0.003868660851983
4.25	0.001339947801657
4.50	0.000033129359345
4.75	-0.000585381014271
5.00	-0.000829156494811
5.25	-0.000878486059863
5.50	-0.000834419077161
5.75	-0.000751724775463
6.00	-0.000658680506495
6.25	-0.000568842684426
6.50	-0.000487876351541
6.75	-0.000417482892002
7.00	-0.000357447094982
7.25	-0.000306764319205
7.50	-0.000264178608044
7.75	-0.000228438777266
8.00	-0.000198409735633
8.25	-0.000173107556569
8.50	-0.000151705981291
8.75	-0.000133523643336
9.00	-0.000118004938961
9.25	-0.000104698909096
9.50	-0.000093240541474
9.75	-0.000083328054806
10.00	-0.000074719530300
10.25	-0.000067209843224
10.50	-0.000060638445249
10.75	-0.000054865859815
11.00	-0.000049770723054
11.50	-0.000041262516857
12.00	-0.000034519170073
13.00	-0.000024744249987
14.00	-0.000018226880575
15.00	-0.000013716788623
16.00	-0.000010502114386
18.00	-0.000006416204118
20.00	-0.000004138366008
22.00	-0.000002815434129
24.00	-0.000001988921797
26.00	-0.000001438108987
28.00	-0.000001061081790
30.00	-0.000000798602405
