44
3.50	0.060687175988264
3.75	0.036942790902697
4.00	0.021571569211971
4.25	0.012008226615413
4.50	0.006264652208471
4.75	0.002934913206202
5.00	0.001080931059204
5.25	0.000102058373813
5.50	-0.000373980443122
5.75	-0.000571429174773
6.00	-0.000621664166091
6.25	-0.000599389661117
6.50	-0.000545710067820
6.75	-0.000482210904877
7.00	-0.000419512152344
7.25	-0.000362267930962
7.50	-0.000312046223960
7.75	-0.000268920670577
8.00	-0.000232306395252
8.25	-0.000201379031239
8.50	-0.000175281258726
8.75	-0.000153223091475
9.00	-0.000134523747421
9.25	-0.000118608724456
9.50	-0.000105003117039
9.75	-0.000093316291929
10.00	-0.000083229893845
10.25	-0.000074485968484
10.50	-0.000066867083267
10.75	-0.000060216065874
11.00	-0.000054379150337
11.50	-0.000044703900641
12.00	-0.000037118640444
13.00	-0.000026303224647
14.00	-0.000019234467500
15.00	-0.000014395683376
16.00	-0.000010961911261
18.00	-0.000006654180546
20.00	-0.000004273425316
22.00	-0.000002896918851
24.00	-0.000002037873134
26.00	-0.000001472700213
28.00	-0.000001082878679
30.00	-0.000000813937456
