44
3.50	0.026774542400227
3.75	0.015062474910914
4.00	0.007934822910375
4.25	0.003748942005161
4.50	0.001390561584928
4.75	0.000132449954608
5.00	-0.000484675585721
5.25	-0.000742286844565
5.50	-0.000807884731121
5.75	-0.000778085858197
6.00	-0.000706641306392
6.25	-0.000622107168456
6.50	-0.000538677904232
6.75	-0.000462645416695
7.00	-0.000396147758663
7.25	-0.000339279417172
7.50	-0.000291226983221
7.75	-0.000250865663939
8.00	-0.000217012546547
8.25	-0.000188584162469
8.50	-0.000164636692790
8.75	-0.000144379464105
9.00	-0.000127162010600
9.25	-0.000112456276521
9.50	-0.000099834748988
9.75	-0.000088950521446
10.00	-0.000079520429602
10.25	-0.000071322466213
10.50	-0.000064162327051
10.75	-0.000057888371521
11.00	-0.000052372216340
11.50	-0.000043203124114
12.00	-0.000035985786984
13.00	-0.000025631041280
14.00	-0.000018802466220
15.00	-0.000014105106632
16.00	-0.000010767554236
18.00	-0.000006560888445
20.00	-0.000004233715288
22.00	-0.000002865034970
24.00	-0.000002018807584
26.00	-0.000001457609048
28.00	-0.000001076223398
30.00	-0.000000808627634
