44
3.50	0.039497490469209
3.75	0.023302742389679
4.00	0.013081638047231
4.25	0.006864759069613
4.50	0.003222076338683
4.75	0.001176492501649
5.00	0.000089696551470
5.25	-0.000440566791198
5.50	-0.000659949588643
5.75	-0.000714019471829
6.00	-0.000686365627615
6.25	-0.000623260554355
6.50	-0.000549236065958
6.75	-0.000476382902045
7.00	-0.000410060272843
7.25	-0.000352043696967
7.50	-0.000302384019892
7.75	-0.000260364497634
8.00	-0.000224993612845
8.25	-0.000195248267584
8.50	-0.000170188307552
8.75	-0.000149004966196
9.00	-0.000131025234659
9.25	-0.000115694132276
9.50	-0.000102559595464
9.75	-0.000091253054016
10.00	-0.000081476052336
10.25	-0.000072981551445
10.50	-0.000065581567099
10.75	-0.000059103399365
11.00	-0.000053415460130
11.50	-0.000043977841417
12.00	-0.000036568354824
13.00	-0.000025973613171
14.00	-0.000019020301621
15.00	-0.000014249135839
16.00	-0.000010863010094
18.00	-0.000006608382379
20.00	-0.000004249180803
22.00	-0.000002879492372
24.00	-0.000002029239551
26.00	-0.000001464188524
28.00	-0.000001080361848
30.00	-0.000000811520893
