44
3.50	0.017206878870528
3.75	0.008860487773679
4.00	0.004090316407172
4.25	0.001462982213881
4.50	0.000089830578498
4.75	-0.000569173480332
5.00	-0.000835319485016
5.25	-0.000895403758280
5.50	-0.000855198509275
5.75	-0.000772595885535
6.00	-0.000677812248237
6.25	-0.000585530593185
6.50	-0.000502040465491
6.75	-0.000429313786878
7.00	-0.000367249448236
7.25	-0.000314857983120
7.50	-0.000270859565795
7.75	-0.000233962406933
8.00	-0.000202992316592
8.25	-0.000176927807377
8.50	-0.000154908913907
8.75	-0.000136225153948
9.00	-0.000120296831553
9.25	-0.000106653793029
9.50	-0.000094915815101
9.75	-0.000084769698476
10.00	-0.000075962599777
10.25	-0.000068288955237
10.50	-0.000061569140247
10.75	-0.000055674359702
11.00	-0.000050475928305
11.50	-0.000041799016407
12.00	-0.000034933589462
13.00	-0.000025000981269
14.00	-0.000018395264669
15.00	-0.000013832211156
16.00	-0.000010582026275
18.00	-0.000006459830596
20.00	-0.000004170038781
22.00	-0.000002828196063
24.00	-0.000001998583523
26.00	-0.000001443151731
28.00	-0.000001065598906
30.00	-0.000000801372812
