44
3.50	0.090963068940434
3.75	0.052194602396169
4.00	0.029100628718976
4.25	0.015665099143332
4.50	0.008022756758567
4.75	0.003782964763009
5.00	0.001502873206538
5.25	0.000328517584845
5.50	-0.000236528203755
5.75	-0.000475621917429
6.00	-0.000547206980467
6.25	-0.000537770212454
6.50	-0.000493205728419
6.75	-0.000436930891371
7.00	-0.000380255952426
7.25	-0.000328184927508
7.50	-0.000282498680934
7.75	-0.000243362911333
8.00	-0.000210221948561
8.25	-0.000182285835626
8.50	-0.000158746681332
8.75	-0.000138873330358
9.00	-0.000122040810001
9.25	-0.000107728676542
9.50	-0.000095507572629
9.75	-0.000085025299646
10.00	-0.000075993288888
10.25	-0.000068174093946
10.50	-0.000061373148012
10.75	-0.000055431362687
11.00	-0.000050215061015
11.50	-0.000041555509202
12.00	-0.000034728244130
13.00	-0.000024870867016
14.00	-0.000018283859316
15.00	-0.000013709153525
16.00	-0.000010456228805
18.00	-0.000006345775053
20.00	-0.000004075746694
22.00	-0.000002769782397
24.00	-0.000001949829022
26.00	-0.000001397223931
28.00	-0.000001029869402
30.00	-0.000000776457737
