44
3.50	0.018022090820769
3.75	0.009253633418953
4.00	0.004294229186964
4.25	0.001584620623736
4.50	0.000175647367056
4.75	-0.000500423277377
5.00	-0.000776780314064
5.25	-0.000844808706217
5.50	-0.000811714123137
5.75	-0.000735654393839
6.00	-0.000646778762265
6.25	-0.000559677038036
6.50	-0.000480609874708
6.75	-0.000411586701551
7.00	-0.000352584298401
7.25	-0.000302709642894
7.50	-0.000260774006553
7.75	-0.000225566897361
8.00	-0.000195978942446
8.25	-0.000171042811168
8.50	-0.000149944410622
8.75	-0.000132012375303
9.00	-0.000116701181255
9.25	-0.000103568229638
9.50	-0.000092251328349
9.75	-0.000082460127932
10.00	-0.000073953474424
10.25	-0.000066533237443
10.50	-0.000060035737017
10.75	-0.000054329608810
11.00	-0.000049293599952
11.50	-0.000040883624157
12.00	-0.000034216392244
13.00	-0.000024549641732
14.00	-0.000018096593770
15.00	-0.000013628793438
16.00	-0.000010440510525
18.00	-0.000006388126608
20.00	-0.000004116199275
22.00	-0.000002802705717
24.00	-0.000001979948224
26.00	-0.000001433112631
28.00	-0.000001056913858
30.00	-0.000000795469614
