44
3.50	0.027089127531757
3.75	0.014643646576385
4.00	0.007419514168191
4.25	0.003353673551389
4.50	0.001152075689938
4.75	0.000023278581129
5.00	-0.000505752303609
5.25	-0.000711345665083
5.50	-0.000750978269632
5.75	-0.000711879421916
6.00	-0.000640717007201
6.25	-0.000561317803595
6.50	-0.000484986450237
6.75	-0.000416396702306
7.00	-0.000356877933556
7.25	-0.000306190355023
7.50	-0.000263438610824
7.75	-0.000227524487801
8.00	-0.000197378262943
8.25	-0.000172008441833
8.50	-0.000150583016944
8.75	-0.000132406118472
9.00	-0.000116911601127
9.25	-0.000103640998802
9.50	-0.000092220387576
9.75	-0.000082350805511
10.00	-0.000073786463352
10.25	-0.000066326406358
10.50	-0.000059804971941
10.75	-0.000054083715085
11.00	-0.000049048354091
11.50	-0.000040658767797
12.00	-0.000034025695497
13.00	-0.000024426176512
14.00	-0.000018018974150
15.00	-0.000013571285822
16.00	-0.000010391917156
18.00	-0.000006351744454
20.00	-0.000004093143681
22.00	-0.000002780490877
24.00	-0.000001967998283
26.00	-0.000001421293392
28.00	-0.000001049377414
30.00	-0.000000788935169
