44
3.50	0.091625281687820
3.75	0.056511340050173
4.00	0.033584638306576
4.25	0.019221990824434
4.50	0.010516685830682
4.75	0.005397400212851
5.00	0.002481084324407
5.25	0.000881900886815
5.50	0.000049593768509
5.75	-0.000348903560696
6.00	-0.000510346678607
6.25	-0.000548131081229
6.50	-0.000525880864347
6.75	-0.000478123585386
7.00	-0.000422756151358
7.25	-0.000368445980522
7.50	-0.000318929855626
7.75	-0.000275443269340
8.00	-0.000238030536342
8.25	-0.000206207722399
8.50	-0.000179278725341
8.75	-0.000156510721452
9.00	-0.000137230169628
9.25	-0.000120849995344
9.50	-0.000106874596087
9.75	-0.000094894782953
10.00	-0.000084575342005
10.25	-0.000075640358161
10.50	-0.000067871690298
10.75	-0.000061082100548
11.00	-0.000055138655813
11.50	-0.000045288864107
12.00	-0.000037574844061
13.00	-0.000026604099011
14.00	-0.000019448631898
15.00	-0.000014547031114
16.00	-0.000011068792033
18.00	-0.000006703173623
20.00	-0.000004293980655
22.00	-0.000002910573374
24.00	-0.000002047306772
26.00	-0.000001479814524
28.00	-0.000001087014185
30.00	-0.000000816072895
