44
3.50	0.115732166541544
3.75	0.065998628278257
4.00	0.036822479554793
4.25	0.019974393108856
4.50	0.010412067930937
4.75	0.005094516899555
5.00	0.002213118159700
5.25	0.000706315323722
5.50	-0.000040390250932
5.75	-0.000377339402331
6.00	-0.000500769171396
6.25	-0.000518187842522
6.50	-0.000487028541907
6.75	-0.000437058044467
7.00	-0.000382956518851
7.25	-0.000331458726312
7.50	-0.000285430837728
7.75	-0.000245747469332
8.00	-0.000212158040642
8.25	-0.000183894184297
8.50	-0.000160101623694
8.75	-0.000140013535839
9.00	-0.000122995122519
9.25	-0.000108525377516
9.50	-0.000096177767974
9.75	-0.000085597975800
10.00	-0.000076491532401
10.25	-0.000068613814013
10.50	-0.000061761666533
10.75	-0.000055772943332
11.00	-0.000050514983275
11.50	-0.000041773655680
12.00	-0.000034883649528
13.00	-0.000024949156566
14.00	-0.000018334879872
15.00	-0.000013752826508
16.00	-0.000010482997580
18.00	-0.000006355600933
20.00	-0.000004067820731
22.00	-0.000002770517215
24.00	-0.000001946203753
26.00	-0.000001393473030
28.00	-0.000001025245730
30.00	-0.000000773848878
