44
3.50	0.165443809687400
3.75	0.100433506984503
4.00	0.059474003095017
4.25	0.034364961998659
4.50	0.019300254243236
4.75	0.010443186363428
5.00	0.005347031536638
5.25	0.002488133198595
5.50	0.000935384216712
5.75	0.000129608095159
6.00	-0.000259145234789
6.25	-0.000421952164765
6.50	-0.000467116100117
6.75	-0.000454605927922
7.00	-0.000416833410152
7.25	-0.000370654436446
7.50	-0.000324302634073
7.75	-0.000281435862469
8.00	-0.000243454936596
8.25	-0.000210714631223
8.50	-0.000182954002884
8.75	-0.000159535606524
9.00	-0.000139740860878
9.25	-0.000122940215545
9.50	-0.000108617227508
9.75	-0.000096347877752
10.00	-0.000085792593135
10.25	-0.000076670687096
10.50	-0.000068755264791
10.75	-0.000061860769388
11.00	-0.000055834286337
11.50	-0.000045901198408
12.00	-0.000038164801884
13.00	-0.000027169712339
14.00	-0.000019894827917
15.00	-0.000014855044867
16.00	-0.000011280355450
18.00	-0.000006789434861
20.00	-0.000004322440887
22.00	-0.000002926699843
24.00	-0.000002063699006
26.00	-0.000001492406039
28.00	-0.000001092694621
30.00	-0.000000819688805
