44
3.50	0.021231974514271
3.75	0.011151294497689
4.00	0.005390850123885
4.25	0.002204691453334
4.50	0.000518610166620
4.75	-0.000315186510021
5.00	-0.000679426906574
5.25	-0.000795356859479
5.50	-0.000787727027624
5.75	-0.000724745299960
6.00	-0.000642303172223
6.25	-0.000558146187046
6.50	-0.000480295520815
6.75	-0.000411668034943
7.00	-0.000352706987275
7.25	-0.000302742773573
7.50	-0.000260693335404
7.75	-0.000225388991305
8.00	-0.000195732029507
8.25	-0.000170753121834
8.50	-0.000149632553036
8.75	-0.000131692830042
9.00	-0.000116375501592
9.25	-0.000103250317239
9.50	-0.000091939634801
9.75	-0.000082160070672
10.00	-0.000073666174584
10.25	-0.000066256036567
10.50	-0.000059767187171
10.75	-0.000054077378812
11.00	-0.000049059428527
11.50	-0.000040683077113
12.00	-0.000034050009539
13.00	-0.000024438656004
14.00	-0.000018024693409
15.00	-0.000013578988921
16.00	-0.000010403277981
18.00	-0.000006365284599
20.00	-0.000004101295987
22.00	-0.000002793976737
24.00	-0.000001972569081
26.00	-0.000001428452927
28.00	-0.000001052828406
30.00	-0.000000792947355
