44
3.50	0.036690739304640
3.75	0.020386177000607
4.00	0.010767675223943
4.25	0.005259839288880
4.50	0.002210799992654
4.75	0.000594941400759
5.00	-0.000207871545148
5.25	-0.000563696063541
5.50	-0.000683499458964
5.75	-0.000685687767543
6.00	-0.000634709712613
6.25	-0.000564346294655
6.50	-0.000491389552637
6.75	-0.000423467177093
7.00	-0.000363440133060
7.25	-0.000311830482426
7.50	-0.000268087287194
7.75	-0.000231277131497
8.00	-0.000200361673843
8.25	-0.000174364829808
8.50	-0.000152436546461
8.75	-0.000133860312680
9.00	-0.000118050295366
9.25	-0.000104531276593
9.50	-0.000092915351502
9.75	-0.000082893047675
10.00	-0.000074209732106
10.25	-0.000066658132854
10.50	-0.000060067294828
10.75	-0.000054294274988
11.00	-0.000049221421731
11.50	-0.000040785161569
12.00	-0.000034128168881
13.00	-0.000024500331508
14.00	-0.000018069226529
15.00	-0.000013599177213
16.00	-0.000010400929650
18.00	-0.000006345233168
20.00	-0.000004082821478
22.00	-0.000002776883970
24.00	-0.000001959796865
26.00	-0.000001417404769
28.00	-0.000001043751807
30.00	-0.000000787703722
