Angle 0 potential
0.001  1E-9  0.0005
44
4
3.50	0.180988023249902
3.75	0.108955988524789
4.00	0.064279242551971
4.25	0.037103157439130
4.50	0.020863420836152
4.75	0.011332781687058
5.00	0.005850132734107
5.25	0.002770090792039
5.50	0.001091593935905
5.75	0.000214909650381
6.00	-0.000213461804638
6.25	-0.000398230415131
6.50	-0.000455449010130
6.75	-0.000449363503657
7.00	-0.000414852825105
7.25	-0.000370272868989
7.50	-0.000324638100355
7.75	-0.000282011913207
8.00	-0.000244003106617
8.25	-0.000211131808215
8.50	-0.000183257721451
8.75	-0.000159769721596
9.00	-0.000139927213237
9.25	-0.000123087124381
9.50	-0.000108730988164
9.75	-0.000096436555239
10.00	-0.000085864299124
10.25	-0.000076733107845
10.50	-0.000068814920787
10.75	-0.000061922763372
11.00	-0.000055902111346
11.50	-0.000045984839809
12.00	-0.000038271486827
13.00	-0.000027284061105
14.00	-0.000019981555450
15.00	-0.000014911914313
16.00	-0.000011318984518
18.00	-0.000006804797120
20.00	-0.000004326502785
22.00	-0.000002928817209
24.00	-0.000002066266604
26.00	-0.000001494301474
28.00	-0.000001093482668
30.00	-0.000000820231280
