44
3.50	0.108637913945006
3.75	0.062106251933381
4.00	0.034663319017004
4.25	0.018775171243917
4.50	0.009748845360699
4.75	0.004730831533510
5.00	0.002016108975548
5.25	0.000601315397300
5.50	-0.000095142639395
5.75	-0.000404983759919
6.00	-0.000514006084848
6.25	-0.000523923573824
6.50	-0.000489001646292
6.75	-0.000437245594876
7.00	-0.000382372435508
7.25	-0.000330699621493
7.50	-0.000284779132709
7.75	-0.000245251516459
8.00	-0.000211761117424
8.25	-0.000183548119246
8.50	-0.000159790169313
8.75	-0.000139735744661
9.00	-0.000122753705571
9.25	-0.000108319502820
9.50	-0.000096002939289
9.75	-0.000085449135708
10.00	-0.000076363389303
10.25	-0.000068501917485
10.50	-0.000061664874635
10.75	-0.000055687615268
11.00	-0.000050440126385
11.50	-0.000041720052492
12.00	-0.000034844662191
13.00	-0.000024926351291
14.00	-0.000018319784586
15.00	-0.000013739378348
16.00	-0.000010474158572
18.00	-0.000006352053057
20.00	-0.000004066521876
22.00	-0.000002769371389
24.00	-0.000001947753039
26.00	-0.000001393807657
28.00	-0.000001026778015
30.00	-0.000000774408917
